
 etall    1, NO =    5, NV =    5, INA =   28
 *********************************************

    I  COEFFICIENT          ORDER   EXPONENTS
     1  -0.7858574706316        1     1 0  0 0  0
 -0.78585747063157507     
     2    3.595528882369        1     0 1  0 0  0
   3.5955288823692317     
     3    1.979125354609        2     1 0  0 0  1
   1.9791253546089358     
     4    3.639195180861        2     0 1  0 0  1
   3.6391951808607974     
     5  -0.1850307778856        3     3 0  0 0  0
 -0.18503077788561997     
     6   -1.170969301982        3     2 1  0 0  0
  -1.1709693019818590     
     7   -6.587798369798        3     1 2  0 0  0
  -6.5877983697979356     
     8   -9.053063212578        3     0 3  0 0  0
  -9.0530632125782056     
     9  -0.8148309737930        3     1 0  2 0  0
 -0.81483097379297265     
    10   -2.962545332684        3     0 1  2 0  0
  -2.9625453326838622     
    11   -8.573788348668        3     1 0  1 1  0
  -8.5737883486675752     
    12   -29.60793235966        3     0 1  1 1  0
  -29.607932359661461     
    13   -24.23914078049        3     1 0  0 2  0
  -24.239140780487507     
    14   -80.56906760168        3     0 1  0 2  0
  -80.569067601684168     
    15   -2.162082030799        3     1 0  0 0  2
  -2.1620820307985791     
    16   -11.66874846923        3     0 1  0 0  2
  -11.668748469233925     
    17   0.5757333375084        4     3 0  0 0  1
  0.57573333750843836     
    18    3.827774861873        4     2 1  0 0  1
   3.8277748618726779     
    19    22.08719259350        4     1 2  0 0  1
   22.087192593501520     
    20    48.12771297728        4     0 3  0 0  1
   48.127712977282783     
    21    1.968506202959        4     1 0  2 0  1
   1.9685062029594931     
    22    10.77858457878        4     0 1  2 0  1
   10.778584578777508     
    23    28.39149986412        4     1 0  1 1  1
   28.391499864121961     
    24    138.4865511574        4     0 1  1 1  1
   138.48655115736358     
    25    99.63598002026        4     1 0  0 2  1
   99.635980020260590     
    26    453.7484209545        4     0 1  0 2  1
   453.74842095448315     
    27    2.334522952547        4     1 0  0 0  3
   2.3345229525471591     
    28    20.45600452276        4     0 1  0 0  3
   20.456004522763642     
    29  -0.3728633647852E-01    5     5 0  0 0  0
  -3.7286336478516292E-002
    30  -0.2776384432756        5     4 1  0 0  0
 -0.27763844327564624     
    31   -1.407946376688        5     3 2  0 0  0
  -1.4079463766881946     
    32   -2.335425129869        5     2 3  0 0  0
  -2.3354251298687503     
    33   -6.686246028178        5     1 4  0 0  0
  -6.6862460281775320     
    34   -18.83967956202        5     0 5  0 0  0
  -18.839679562018642     
    35  -0.5545059742138E-01    5     3 0  2 0  0
  -5.5450597421375224E-002
    36   0.9490897828514        5     2 1  2 0  0
  0.94908978285142986     
    37    6.115606384637        5     1 2  2 0  0
   6.1156063846373678     
    38    2.562551053228        5     0 3  2 0  0
   2.5625510532277112     
    39  -0.1191530117461        5     1 0  4 0  0
 -0.11915301174610801     
    40  -0.7089485368072        5     0 1  4 0  0
 -0.70894853680718506     
    41  -0.7915257700058        5     3 0  1 1  0
 -0.79152577000575775     
    42    7.445703437453        5     2 1  1 1  0
   7.4457034374526403     
    43    51.72838678058        5     1 2  1 1  0
   51.728386780575875     
    44    2.202670521798        5     0 3  1 1  0
   2.2026705217979128     
    45   -2.973626013514        5     1 0  3 1  0
  -2.9736260135140715     
    46   -18.49039058689        5     0 1  3 1  0
  -18.490390586887397     
    47   -3.174396806796        5     3 0  0 2  0
  -3.1743968067956603     
    48    8.706116342338        5     2 1  0 2  0
   8.7061163423378041     
    49    90.41390573541        5     1 2  0 2  0
   90.413905735408321     
    50   -90.24179952783        5     0 3  0 2  0
  -90.241799527834388     
    51   -27.05508597965        5     1 0  2 2  0
  -27.055085979654994     
    52   -178.0528606732        5     0 1  2 2  0
  -178.05286067324897     
    53   -1.414642977523        5     3 0  0 0  2
  -1.4146429775231757     
    54   -10.27914469944        5     2 1  0 0  2
  -10.279144699435156     
    55   -49.32804137754        5     1 2  0 0  2
  -49.328041377536962     
    56   -138.4019626490        5     0 3  0 0  2
  -138.40196264903429     
    57   -3.357875737132        5     1 0  2 0  2
  -3.3578757371324857     
    58   -25.16168736987        5     0 1  2 0  2
  -25.161687369874091     
    59   -111.0469990843        5     1 0  1 3  0
  -111.04699908425653     
    60   -767.4940226684        5     0 1  1 3  0
  -767.49402266835182     
    61   -60.83209274011        5     1 0  1 1  2
  -60.832092740114106     
    62   -389.6863435052        5     0 1  1 1  2
  -389.68634350523917     
    63   -178.1946704147        5     1 0  0 4  0
  -178.19467041472072     
    64   -1263.771496185        5     0 1  0 4  0
  -1263.7714961846941     
    65   -253.9626337674        5     1 0  0 2  2
  -253.96263376742473     
    66   -1480.208621503        5     0 1  0 2  2
  -1480.2086215033535     
    67   -2.496246641120        5     1 0  0 0  4
  -2.4962466411199626     
    68   -29.96304933546        5     0 1  0 0  4
  -29.963049335464195     
                                      

 etall    1, NO =    5, NV =    5, INA =   31
 *********************************************

    I  COEFFICIENT          ORDER   EXPONENTS
     1  -0.4498842905422        1     1 0  0 0  0
 -0.44988429054217044     
     2   0.7858574658230        1     0 1  0 0  0
  0.78585746582295435     
     3   0.4479130850149        2     1 0  0 0  1
  0.44791308501489574     
     4    2.013142081059        2     0 1  0 0  1
   2.0131420810587528     
     5  -0.3996810344257E-01    3     3 0  0 0  0
  -3.9968103442573649E-002
     6  -0.6768463204438        3     2 1  0 0  0
 -0.67684632044375181     
     7   -1.845552818626        3     1 2  0 0  0
  -1.8455528186261221     
     8   -4.563942458997        3     0 3  0 0  0
  -4.5639424589970146     
     9  -0.5220283410213E-01    3     1 0  2 0  0
  -5.2202834102127491E-002
    10   -2.271972817338        3     0 1  2 0  0
  -2.2719728173377844     
    11  -0.7413911748462E-01    3     1 0  1 1  0
  -7.4139117484623276E-002
    12   -25.18440128093        3     0 1  1 1  0
  -25.184401280932001     
    13   0.6227624967043        3     1 0  0 2  0
  0.62276249670434236     
    14   -73.21229390697        3     0 1  0 2  0
  -73.212293906966821     
    15  -0.4449292994523        3     1 0  0 0  2
 -0.44492929945233661     
    16   -3.810743681546        3     0 1  0 0  2
  -3.8107436815460054     
    17   0.1009829710708E-01    4     3 0  0 0  1
   1.0098297107082443E-002
    18    1.875997763409        4     2 1  0 0  1
   1.8759977634092311     
    19    7.130544017531        4     1 2  0 0  1
   7.1305440175306547     
    20    14.92903488006        4     0 3  0 0  1
   14.929034880062988     
    21  -0.5227328781631        4     1 0  2 0  1
 -0.52273287816309977     
    22    4.651774732549        4     0 1  2 0  1
   4.6517747325485335     
    23   -6.967881577266        4     1 0  1 1  1
  -6.9678815772655733     
    24    71.38197868725        4     0 1  1 1  1
   71.381978687251419     
    25   -23.75201913562        4     1 0  0 2  1
  -23.752019135618863     
    26    264.6325672185        4     0 1  0 2  1
   264.63256721853878     
    27   0.4409336882008        4     1 0  0 0  3
  0.44093368820084666     
    28    5.603178254848        4     0 1  0 0  3
   5.6031782548477409     
    29   0.6523723429246E-03    5     5 0  0 0  0
   6.5237234292457049E-004
    30  -0.6086865159926E-01    5     4 1  0 0  0
  -6.0868651599258729E-002
    31  -0.5058482841578        5     3 2  0 0  0
 -0.50584828415780114     
    32   -1.512051993049        5     2 3  0 0  0
  -1.5120519930488818     
    33   -3.031495511072        5     1 4  0 0  0
  -3.0314955110721264     
    34   0.8506104858289        5     0 5  0 0  0
  0.85061048582890830     
    35   0.5910640891851E-01    5     3 0  2 0  0
   5.9106408918510968E-002
    36   0.3571705563029        5     2 1  2 0  0
  0.35717055630292716     
    37    4.763867058813        5     1 2  2 0  0
   4.7638670588131280     
    38    10.62849939914        5     0 3  2 0  0
   10.628499399141120     
    39   0.1348810671470        5     1 0  4 0  0
  0.13488106714704221     
    40    1.016812494049        5     0 1  4 0  0
   1.0168124940491254     
    41   0.7188766941433        5     3 0  1 1  0
  0.71887669414325017     
    42    3.542728577968        5     2 1  1 1  0
   3.5427285779683917     
    43    48.65810287521        5     1 2  1 1  0
   48.658102875214780     
    44    97.85168120235        5     0 3  1 1  0
   97.851681202348473     
    45    2.975412902261        5     1 0  3 1  0
   2.9754129022607563     
    46    21.48178386270        5     0 1  3 1  0
   21.481783862700123     
    47    2.240916465487        5     3 0  0 2  0
   2.2409164654865861     
    48    7.765331763133        5     2 1  0 2  0
   7.7653317631332825     
    49    117.6768640475        5     1 2  0 2  0
   117.67686404750907     
    50    206.0228661185        5     0 3  0 2  0
   206.02286611847339     
    51    24.92762208443        5     1 0  2 2  0
   24.927622084434340     
    52    171.9183899459        5     0 1  2 2  0
   171.91838994586902     
    53   0.1486956475566        5     3 0  0 0  2
  0.14869564755662032     
    54   -3.231773139214        5     2 1  0 0  2
  -3.2317731392141269     
    55   -20.26912442125        5     1 2  0 0  2
  -20.269124421245294     
    56   -37.79723858261        5     0 3  0 0  2
  -37.797238582610305     
    57    1.770121106942        5     1 0  2 0  2
   1.7701211069418714     
    58   -5.076437883169        5     0 1  2 0  2
  -5.0764378831694330     
    59    94.26487439498        5     1 0  1 3  0
   94.264874394978335     
    60    609.7004522631        5     0 1  1 3  0
   609.70045226312800     
    61    27.77964308718        5     1 0  1 1  2
   27.779643087180897     
    62   -112.1823958621        5     0 1  1 1  2
  -112.18239586205441     
    63    137.1050046472        5     1 0  0 4  0
   137.10500464721432     
    64    793.0533928234        5     0 1  0 4  0
   793.05339282341527     
    65    106.8278959683        5     1 0  0 2  2
   106.82789596828108     
    66   -534.4526132297        5     0 1  0 2  2
  -534.45261322970453     
    67  -0.4359271803689        5     1 0  0 0  4
 -0.43592718036885314     
    68   -7.386677159794        5     0 1  0 0  4
  -7.3866771597936900     
                                      

 etall    1, NO =    5, NV =    5, INA =   32
 *********************************************

    I  COEFFICIENT          ORDER   EXPONENTS
     1    2.360452481414        1     0 0  1 0  0
   2.3604524814135495     
     2    14.60761371304        1     0 0  0 1  0
   14.607613713036944     
     3   -1.129148746116        2     0 0  1 0  1
  -1.1291487461163148     
     4   -18.25184909977        2     0 0  0 1  1
  -18.251849099767330     
     5  -0.2719710613949        3     2 0  1 0  0
 -0.27197106139485855     
     6   -2.050871408426        3     1 1  1 0  0
  -2.0508714084260777     
     7   -5.910328024265        3     0 2  1 0  0
  -5.9103280242652616     
     8  -0.2581665379813        3     0 0  3 0  0
 -0.25816653798133482     
     9  -0.8513022606042        3     2 0  0 1  0
 -0.85130226060420289     
    10   -5.968187226595        3     1 1  0 1  0
  -5.9681872265946447     
    11   -19.52233023073        3     0 2  0 1  0
  -19.522330230729011     
    12   -3.989478513823        3     0 0  2 1  0
  -3.9894785138230011     
    13   -21.81354568374        3     0 0  1 2  0
  -21.813545683736404     
    14   0.8887997359825        3     0 0  1 0  2
  0.88879973598250206     
    15   -35.77268652625        3     0 0  0 3  0
  -35.772686526253089     
    16    20.90038228917        3     0 0  0 1  2
   20.900382289171386     
    17   0.6598120276236        4     2 0  1 0  1
  0.65981202762364533     
    18    4.749799263651        4     1 1  1 0  1
   4.7497992636511821     
    19    18.90349041070        4     0 2  1 0  1
   18.903490410695483     
    20   0.6943083154377        4     0 0  3 0  1
  0.69430831543767335     
    21    3.662199202595        4     2 0  0 1  1
   3.6621992025949708     
    22    18.01548567565        4     1 1  0 1  1
   18.015485675651583     
    23    75.69781273859        4     0 2  0 1  1
   75.697812738593669     
    24    14.65582244920        4     0 0  2 1  1
   14.655822449203649     
    25    99.67930260773        4     0 0  1 2  1
   99.679302607728417     
    26  -0.6396331558774        4     0 0  1 0  3
 -0.63963315587738778     
    27    205.4241271457        4     0 0  0 3  1
   205.42412714573987     
    28   -22.52267320170        4     0 0  0 1  3
  -22.522673201696037     
    29  -0.1725421661030E-01    5     4 0  1 0  0
  -1.7254216610299550E-002
    30   0.6808529908482E-01    5     3 1  1 0  0
   6.8085299084824316E-002
    31   0.2217133568033        5     2 2  1 0  0
  0.22171335680332482     
    32    4.306319759820        5     1 3  1 0  0
   4.3063197598198064     
    33    5.418855730315        5     0 4  1 0  0
   5.4188557303145295     
    34  -0.3966545247177E-01    5     2 0  3 0  0
  -3.9665452471772403E-002
    35   0.3345908224096        5     1 1  3 0  0
  0.33459082240963228     
    36    3.360150524719        5     0 2  3 0  0
   3.3601505247191863     
    37   0.4712986749719E-01    5     0 0  5 0  0
   4.7129867497186152E-002
    38  -0.1063390904556        5     4 0  0 1  0
 -0.10633909045557896     
    39   0.4918157626387        5     3 1  0 1  0
  0.49181576263867044     
    40    1.091143285862        5     2 2  0 1  0
   1.0911432858622736     
    41    22.87007448763        5     1 3  0 1  0
   22.870074487631378     
    42    30.77292262863        5     0 4  0 1  0
   30.772922628630983     
    43  -0.7636694837051        5     2 0  2 1  0
 -0.76366948370506937     
    44    4.513735948864        5     1 1  2 1  0
   4.5137359488639337     
    45    53.68166141472        5     0 2  2 1  0
   53.681661414720082     
    46    1.267767889437        5     0 0  4 1  0
   1.2677678894365898     
    47   -5.002811307528        5     2 0  1 2  0
  -5.0028113075283587     
    48    17.40149009871        5     1 1  1 2  0
   17.401490098709463     
    49    283.6562804544        5     0 2  1 2  0
   283.65628045440940     
    50    13.87286531246        5     0 0  3 2  0
   13.872865312457314     
    51   -1.529151076267        5     2 0  1 0  2
  -1.5291510762668938     
    52   -8.994283707636        5     1 1  1 0  2
  -8.9942837076361890     
    53   -37.13847932734        5     0 2  1 0  2
  -37.138479327337329     
    54   -1.409464079275        5     0 0  3 0  2
  -1.4094640792754705     
    55   -11.40467145376        5     2 0  0 3  0
  -11.404671453757517     
    56    15.88810162685        5     1 1  0 3  0
   15.888101626849284     
    57    503.8683631584        5     0 2  0 3  0
   503.86836315842839     
    58    76.07995565829        5     0 0  2 3  0
   76.079955658294068     
    59   -11.31145404292        5     2 0  0 1  2
  -11.311454042918230     
    60   -45.29848992727        5     1 1  0 1  2
  -45.298489927270246     
    61   -172.6013174503        5     0 2  0 1  2
  -172.60131745025393     
    62   -36.11503356456        5     0 0  2 1  2
  -36.115033564564619     
    63    205.4522515537        5     0 0  1 4  0
   205.45225155370332     
    64   -287.5850478826        5     0 0  1 2  2
  -287.58504788261899     
    65   0.3818795227993        5     0 0  1 0  4
  0.38187952279934861     
    66    215.8850530733        5     0 0  0 5  0
   215.88505307332633     
    67   -696.2521253159        5     0 0  0 3  2
  -696.25212531586726     
    68    23.08907093530        5     0 0  0 1  4
   23.089070935299326     
                                      

 etall    1, NO =    5, NV =    5, INA =   33
 *********************************************

    I  COEFFICIENT          ORDER   EXPONENTS
     1  -0.4498842908655        1     0 0  1 0  0
 -0.44988429086545878     
     2   -2.360452489681        1     0 0  0 1  0
  -2.3604524896809438     
     3   0.4479130849350        2     0 0  1 0  1
  0.44791308493497151     
     4    5.121416184895        2     0 0  0 1  1
   5.1214161848948603     
     5  -0.8608525733850E-01    3     2 0  1 0  0
  -8.6085257338500656E-002
     6   0.7744037452124        3     1 1  1 0  0
  0.77440374521239475     
     7   -1.347979597235        3     0 2  1 0  0
  -1.3479795972350939     
     8  -0.3087243281657        3     0 0  3 0  0
 -0.30872432816573203     
     9  -0.6424562462900        3     2 0  0 1  0
 -0.64245624628996190     
    10    3.879002011793        3     1 1  0 1  0
   3.8790020117933488     
    11   -10.53146557833        3     0 2  0 1  0
  -10.531465578325809     
    12   -5.745738635137        3     0 0  2 1  0
  -5.7457386351368172     
    13   -35.38937305250        3     0 0  1 2  0
  -35.389373052500176     
    14  -0.4449292993326        3     0 0  1 0  2
 -0.44492929933260345     
    15   -73.45532608410        3     0 0  0 3  0
  -73.455326084101870     
    16   -6.861625450917        3     0 0  0 1  2
  -6.8616254509166597     
    17   0.4415210817536        4     2 0  1 0  1
  0.44152108175356852     
    18   -2.598315245852        4     1 1  1 0  1
  -2.5983152458518290     
    19   -2.848070346801        4     0 2  1 0  1
  -2.8480703468013058     
    20   0.8010950607690        4     0 0  3 0  1
  0.80109506076902592     
    21    3.481032793836        4     2 0  0 1  1
   3.4810327938358943     
    22   -15.57861781843        4     1 1  0 1  1
  -15.578617818431329     
    23    1.355034367218        4     0 2  0 1  1
   1.3550343672178071     
    24    19.49865724523        4     0 0  2 1  1
   19.498657245226415     
    25    148.3405285875        4     0 0  1 2  1
   148.34052858753222     
    26   0.4409336880415        4     0 0  1 0  3
  0.44093368804146010     
    27    365.1391369664        4     0 0  0 3  1
   365.13913696636854     
    28    8.577334365168        4     0 0  0 1  3
   8.5773343651678235     
    29  -0.2639221030834E-01    5     4 0  1 0  0
  -2.6392210308336855E-002
    30  -0.4746972604569E-01    5     3 1  1 0  0
  -4.7469726045690018E-002
    31  -0.4591484606011        5     2 2  1 0  0
 -0.45914846060111902     
    32    4.238352147603        5     1 3  1 0  0
   4.2383521476027219     
    33    11.11393732207        5     0 4  1 0  0
   11.113937322066286     
    34  -0.4920268920583E-01    5     2 0  3 0  0
  -4.9202689205828543E-002
    35   0.5379871251576        5     1 1  3 0  0
  0.53798712515764191     
    36    4.806078496782        5     0 2  3 0  0
   4.8060784967818968     
    37  -0.4282837859085E-01    5     0 0  5 0  0
  -4.2828378590848142E-002
    38  -0.2032913698863        5     4 0  0 1  0
 -0.20329136988630298     
    39  -0.4923060642905        5     3 1  0 1  0
 -0.49230606429045981     
    40   -3.039382547824        5     2 2  0 1  0
  -3.0393825478236711     
    41    23.74227355554        5     1 3  0 1  0
   23.742273555539473     
    42    53.11104033711        5     0 4  0 1  0
   53.111040337114332     
    43  -0.9521741705382        5     2 0  2 1  0
 -0.95217417053820252     
    44    7.685885058706        5     1 1  2 1  0
   7.6858850587056935     
    45    74.95166928638        5     0 2  2 1  0
   74.951669286382639     
    46   -1.651097409630        5     0 0  4 1  0
  -1.6510974096300080     
    47   -6.496246645202        5     2 0  1 2  0
  -6.4962466452016274     
    48    33.18235684103        5     1 1  1 2  0
   33.182356841031137     
    49    388.3467650708        5     0 2  1 2  0
   388.34676507079530     
    50   -23.59687316457        5     0 0  3 2  0
  -23.596873164566759     
    51   -1.435370759684        5     2 0  1 0  2
  -1.4353707596841938     
    52    2.011694598795        5     1 1  1 0  2
   2.0116945987948647     
    53    15.99672082572        5     0 2  1 0  2
   15.996720825724747     
    54   -1.540437830308        5     0 0  3 0  2
  -1.5404378303084982     
    55   -15.76252437583        5     2 0  0 3  0
  -15.762524375830312     
    56    39.45988494068        5     1 1  0 3  0
   39.459884940675146     
    57    662.0975263611        5     0 2  0 3  0
   662.09752636114740     
    58   -163.4367078146        5     0 0  2 3  0
  -163.43670781464633     
    59   -11.89194710801        5     2 0  0 1  2
  -11.891947108008106     
    60    18.40007363405        5     1 1  0 1  2
   18.400073634051822     
    61    69.30263759929        5     0 2  0 1  2
   69.302637599293519     
    62   -44.47454448263        5     0 0  2 1  2
  -44.474544482630833     
    63   -562.4388734121        5     0 0  1 4  0
  -562.43887341205891     
    64   -394.2619558079        5     0 0  1 2  2
  -394.26195580787351     
    65  -0.4359271801700        5     0 0  1 0  4
 -0.43592718017000648     
    66   -781.6798306298        5     0 0  0 5  0
  -781.67983062978965     
    67   -1108.422881666        5     0 0  0 3  2
  -1108.4228816659681     
    68   -10.26480332474        5     0 0  0 1  4
  -10.264803324742511     
                                      

 etall    1, NO =    5, NV =    5, INA =   34
 *********************************************

    I  COEFFICIENT          ORDER   EXPONENTS
     1    1.000000000000        1     0 0  0 0  1
   1.0000000000000000     
                                      

 etall    1, NO =    5, NV =    5, INA =   44
 *********************************************

    I  COEFFICIENT          ORDER   EXPONENTS
     1  -0.1665334536938E-15    0     0 0  0 0  0
  -1.6653345369377348E-016
     2  -0.1796128631382E-06    1     0 0  0 0  1
  -1.7961286313816771E-007
     3   0.2691907809998        2     2 0  0 0  0
  0.26919078099983562     
     4   0.5517399824323E-01    2     1 1  0 0  0
   5.5173998243228758E-002
     5    2.189210897147        2     0 2  0 0  0
   2.1892108971466397     
     6   0.2746456349321        2     0 0  2 0  0
  0.27464563493209537     
     7    3.877639352754        2     0 0  1 1  0
   3.8776393527543944     
     8    15.86452332191        2     0 0  0 2  0
   15.864523321906384     
     9   0.2694192958452E-06    2     0 0  0 0  2
   2.6941929584523017E-007
    10  -0.6230357266423        3     2 0  0 0  1
 -0.62303572664230256     
    11   -2.155553076960        3     1 1  0 0  1
  -2.1555530769598077     
    12   -4.531665868947        3     0 2  0 0  1
  -4.5316658689470781     
    13  -0.6503774297193        3     0 0  2 0  1
 -0.65037742971934065     
    14   -11.19517294180        3     0 0  1 1  1
  -11.195172941800919     
    15   -50.89761462078        3     0 0  0 2  1
  -50.897614620775322     
    16  -0.3592257345753E-06    3     0 0  0 0  3
  -3.5922573457525253E-007
    17   0.5993752573108E-01    4     4 0  0 0  0
   5.9937525731082603E-002
    18   0.3989356187626        4     3 1  0 0  0
  0.39893561876264771     
    19    2.623302774841        4     2 2  0 0  0
   2.6233027748408961     
    20    3.373961222183        4     1 3  0 0  0
   3.3739612221829827     
    21    2.752044550332        4     0 4  0 0  0
   2.7520445503318856     
    22   0.2983455681508        4     2 0  2 0  0
  0.29834556815080854     
    23  -0.3011053904560        4     1 1  2 0  0
 -0.30110539045603946     
    24    1.110260816940        4     0 2  2 0  0
   1.1102608169401014     
    25   0.2026524131697        4     0 0  4 0  0
  0.20265241316965915     
    26    3.206704882717        4     2 0  1 1  0
   3.2067048827174371     
    27   -5.445909421183        4     1 1  1 1  0
  -5.4459094211830079     
    28    14.42735844672        4     0 2  1 1  0
   14.427358446715068     
    29    5.066235783132        4     0 0  3 1  0
   5.0662357831317717     
    30    9.614517609803        4     2 0  0 2  0
   9.6145176098034000     
    31   -14.65899334592        4     1 1  0 2  0
  -14.658993345915846     
    32    57.37395204583        4     0 2  0 2  0
   57.373952045834095     
    33    47.33010684361        4     0 0  2 2  0
   47.330106843613336     
    34    1.099558241461        4     2 0  0 0  2
   1.0995582414608605     
    35    7.034504387192        4     1 1  0 0  2
   7.0345043871923467     
    36    10.91773232753        4     0 2  0 0  2
   10.917732327532912     
    37    1.181706328405        4     0 0  2 0  2
   1.1817063284047908     
    38    196.6729270768        4     0 0  1 3  0
   196.67292707684709     
    39    23.54499302833        4     0 0  1 1  2
   23.544993028329667     
    40    311.7495819091        4     0 0  0 4  0
   311.74958190905920     
    41    117.2949286826        4     0 0  0 2  2
   117.29492868257293     
    42   0.4490321775519E-06    4     0 0  0 0  4
   4.4903217755187796E-007
    43  -0.2638263249597        5     4 0  0 0  1
 -0.26382632495973707     
    44   -1.712710576668        5     3 1  0 0  1
  -1.7127105766677864     
    45   -13.31503868400        5     2 2  0 0  1
  -13.315038684000950     
    46   -31.48039966817        5     1 3  0 0  1
  -31.480399668166207     
    47   -20.42418716720        5     0 4  0 0  1
  -20.424187167198919     
    48   -1.462920762593        5     2 0  2 0  1
  -1.4629207625934417     
    49   0.2167626152097        5     1 1  2 0  1
  0.21676261520965578     
    50  -0.7938079042625        5     0 2  2 0  1
 -0.79380790426246328     
    51  -0.9434504546542        5     0 0  4 0  1
 -0.94345045465422916     
    52   -19.30478402351        5     2 0  1 1  1
  -19.304784023506969     
    53    12.63348827283        5     1 1  1 1  1
   12.633488272828401     
    54   -24.34482378411        5     0 2  1 1  1
  -24.344823784110876     
    55   -27.49038279752        5     0 0  3 1  1
  -27.490382797523807     
    56   -65.24540355330        5     2 0  0 2  1
  -65.245403553301713     
    57    42.63865482863        5     1 1  0 2  1
   42.638654828633548     
    58   -185.1295527408        5     0 2  0 2  1
  -185.12955274076535     
    59   -292.9870576102        5     0 0  2 2  1
  -292.98705761019903     
    60   -1.733891371323        5     2 0  0 0  3
  -1.7338913713225730     
    61   -15.72965152763        5     1 1  0 0  3
  -15.729651527626165     
    62   -26.81443431992        5     0 2  0 0  3
  -26.814434319916359     
    63   -1.925747252571        5     0 0  2 0  3
  -1.9257472525712813     
    64   -1366.889674611        5     0 0  1 3  1
  -1366.8896746112296     
    65   -42.98614896738        5     0 0  1 1  3
  -42.986148967382718     
    66   -2388.123476452        5     0 0  0 4  1
  -2388.1234764523301     
    67   -232.0914831180        5     0 0  0 2  3
  -232.09148311800499     
    68  -0.5388386211114E-06    5     0 0  0 0  5
  -5.3883862111137049E-007
                                      
